Dec 19 2013 01: +0,39.99,1
Dec 20 2013 01: +0,5.956,10
Dec 21 2013 01: +0,5.548,8
Dec 22 2013 01: +0,4.659,21
Dec 23 2013 01: +0,3.545,25
Dec 24 2013 01: +0,3.454,30
Dec 25 2013 01: +0,3.644,17
Dec 26 2013 01: +0,3.515,22
Dec 27 2013 01: +0,3.412,34
Dec 28 2013 01: +0,2.974,28
Dec 29 2013 01: +0,2.942,41
Dec 30 2013 01: +0,3.266,45
Dec 31 2013 01: +0,4.029,15
Jan 01 2014 01: +0,3.5,20
Jan 02 2014 01: +0,3.245,30
Jan 03 2014 01: +0,2.921,28
Jan 04 2014 01: +0,2.81,35
Jan 05 2014 01: +0,3.083,48
Jan 06 2014 01: +0,2.943,37
Jan 07 2014 01: +0,2.858,37
Jan 08 2014 01: +0,2.847,26
Jan 09 2014 01: +0,2.719,32
Jan 10 2014 01: +0,2.461,44
Jan 11 2014 01: +0,2.442,33
Jan 12 2014 01: +0,2.229,58
Jan 13 2014 01: +0,2.396,43
Jan 14 2014 01: +0,2.524,27
Jan 15 2014 01: +0,2.383,35
Jan 16 2014 01: +0,2.256,32
Jan 17 2014 01: +0,2.114,49
Jan 18 2014 01: +0,2.291,56
Jan 19 2014 01: +0,2.381,48
Jan 20 2014 01: +0,2.248,37
Jan 21 2014 01: +0,2.152,34
Jan 22 2014 01: +0,2.165,32
Jan 23 2014 01: +0,2.097,34
Jan 24 2014 01: +0,2.052,38
Jan 25 2014 01: +0,1.923,35
Jan 26 2014 01: +0,2.021,45
Jan 27 2014 01: +0,2.022,46
Jan 28 2014 01: +0,1.895,40
Jan 29 2014 01: +0,1.818,46
Jan 30 2014 01: +0,1.814,48
Jan 31 2014 01: +0,1.731,56
Feb 01 2014 01: +0,1.781,57
Feb 02 2014 01: +0,1.68,64
Feb 03 2014 01: +0,1.658,56
Feb 04 2014 01: +0,1.667,59
Feb 05 2014 01: +0,1.631,47
Feb 06 2014 01: +0,1.59,58
Feb 07 2014 01: +0,1.616,68
Feb 08 2014 01: +0,1.661,39
Feb 09 2014 01: +0,1.613,53
Feb 10 2014 01: +0,1.502,55
Feb 11 2014 01: +0,1.484,54
Feb 12 2014 01: +0,1.499,52
Feb 13 2014 01: +0,1.391,56
Feb 14 2014 01: +0,1.278,50
Feb 15 2014 01: +0,1.232,49
Feb 16 2014 01: +0,1.109,68
Feb 17 2014 01: +0,0.989,44
Feb 18 2014 01: +0,0.979,66
Feb 19 2014 01: +0,1.09,55
Feb 20 2014 01: +0,1.101,43
Feb 21 2014 01: +0,0.913,58
Feb 22 2014 01: +0,0.866,97
Feb 23 2014 01: +0,0.955,90
Feb 24 2014 01: +0,1.036,66
Feb 25 2014 01: +0,0.967,60
Feb 26 2014 01: +0,0.963,54
Feb 27 2014 01: +0,1.05,61
Feb 28 2014 01: +0,0.997,86
Mar 01 2014 01: +0,1.06,84
Mar 02 2014 01: +0,1.079,91
Mar 03 2014 01: +0,1.123,61
Mar 04 2014 01: +0,1.075,62
Mar 05 2014 01: +0,0.964,54
Mar 06 2014 01: +0,1.017,47
Mar 07 2014 01: +0,0.985,74
Mar 08 2014 01: +0,0.934,80
Mar 09 2014 01: +0,0.983,95
Mar 10 2014 01: +0,1.007,92
Mar 11 2014 01: +0,1.003,80
Mar 12 2014 01: +0,1.106,67
Mar 13 2014 01: +0,1.184,47
Mar 14 2014 01: +0,1.166,60
Mar 15 2014 01: +0,1.016,100
Mar 16 2014 01: +0,0.981,114
Mar 17 2014 01: +0,1.016,118
Mar 18 2014 01: +0,1.192,86
Mar 19 2014 01: +0,1.159,52
Mar 20 2014 01: +0,1.067,83
Mar 21 2014 01: +0,1.04,79
Mar 22 2014 01: +0,1.134,77
Mar 23 2014 01: +0,1.078,97
Mar 24 2014 01: +0,1.047,92
Mar 25 2014 01: +0,1.018,64
Mar 26 2014 01: +0,1.028,73
Mar 27 2014 01: +0,1.117,77
Mar 28 2014 01: +0,1.041,75
Mar 29 2014 01: +0,1.039,100
Mar 30 2014 01: +0,1.093,101
Mar 31 2014 01: +0,0.995,95
Apr 01 2014 01: +0,1.085,69
Apr 02 2014 01: +0,1.039,80
Apr 03 2014 01: +0,1.067,83
Apr 04 2014 01: +0,1.065,101
Apr 05 2014 01: +0,1.045,84
Apr 06 2014 01: +0,1.098,94
Apr 07 2014 01: +0,1.076,70
Apr 08 2014 01: +0,1.049,77
Apr 09 2014 01: +0,1.015,86
Apr 10 2014 01: +0,0.996,79
Apr 11 2014 01: +0,0.99,113
Apr 12 2014 01: +0,1.016,96
Apr 13 2014 01: +0,1.058,94
Apr 14 2014 01: +0,0.991,111
Apr 15 2014 01: +0,0.927,99
Apr 16 2014 01: +0,0.919,131
Apr 17 2014 01: +0,0.98,110
Apr 18 2014 01: +0,1.035,102
Apr 19 2014 01: +0,1.006,85
Apr 20 2014 01: +0,0.956,104
Apr 21 2014 01: +0,0.874,88
Apr 22 2014 01: +0,0.809,100
Apr 23 2014 01: +0,0.881,93
Apr 24 2014 01: +0,0.862,103
Apr 25 2014 01: +0,0.855,105
Apr 26 2014 01: +0,0.917,121
Apr 27 2014 01: +0,0.879,119
Apr 28 2014 01: +0,0.849,119
Apr 29 2014 01: +0,0.859,98
Apr 30 2014 01: +0,0.935,136
May 01 2014 01: +0,0.89,101
May 02 2014 01: +0,0.76,100
May 03 2014 01: +0,0.744,142
May 04 2014 01: +0,0.689,138
May 05 2014 01: +0,0.695,146
May 06 2014 01: +0,0.699,106
May 07 2014 01: +0,0.74,113
May 08 2014 01: +0,0.707,142
May 09 2014 01: +0,0.596,138
May 10 2014 01: +0,0.616,156
May 11 2014 01: +0,0.586,189
May 12 2014 01: +0,0.684,110
May 13 2014 01: +0,0.687,107
May 14 2014 01: +0,0.641,106
May 15 2014 01: +0,0.59,192
May 16 2014 01: +0,0.597,146
May 17 2014 01: +0,0.592,154
May 18 2014 01: +0,0.65,158
May 19 2014 01: +0,0.619,118
May 20 2014 01: +0,0.644,132
May 21 2014 01: +0,0.655,102
May 22 2014 01: +0,0.6,108
May 23 2014 01: +0,0.652,149
May 24 2014 01: +0,0.664,147
May 25 2014 01: +0,0.707,136
May 26 2014 01: +0,0.695,127
May 27 2014 01: +0,0.735,113
May 28 2014 01: +0,0.696,139
May 29 2014 01: +0,0.7,122
May 30 2014 01: +0,0.669,129
May 31 2014 01: +0,0.655,142
Jun 01 2014 01: +0,0.581,150
Jun 02 2014 01: +0,0.623,115
Jun 03 2014 01: +0,0.667,116
Jun 04 2014 01: +0,0.632,123
Jun 05 2014 01: +0,0.615,136
Jun 06 2014 01: +0,0.618,119
Jun 07 2014 01: +0,0.616,176
Jun 08 2014 01: +0,0.581,138
Jun 09 2014 01: +0,0.601,132
Jun 10 2014 01: +0,0.613,180
Jun 11 2014 01: +0,0.681,103
Jun 12 2014 01: +0,0.663,123
Jun 13 2014 01: +0,0.629,106
Jun 14 2014 01: +0,0.69,125
Jun 15 2014 01: +0,0.667,140
Jun 16 2014 01: +0,0.608,162
Jun 17 2014 01: +0,0.584,162
Jun 18 2014 01: +0,0.639,154
Jun 19 2014 01: +0,0.624,148
Jun 20 2014 01: +0,0.462,199
Jun 21 2014 01: +0,0.489,197
Jun 22 2014 01: +0,0.498,190
Jun 23 2014 01: +0,0.47,167
Jun 24 2014 01: +0,0.477,180
Jun 25 2014 01: +0,0.502,157
Jun 26 2014 01: +0,0.546,141
Jun 27 2014 01: +0,0.576,146
Jun 28 2014 01: +0,0.578,174
Jun 29 2014 01: +0,0.574,182
Jun 30 2014 01: +0,0.574,175
Jul 01 2014 01: +0,0.695,164
Jul 02 2014 01: +0,0.528,187
Jul 03 2014 01: +0,0.623,182
Jul 04 2014 01: +0,0.655,116
Jul 05 2014 01: +0,0.628,149
Jul 06 2014 01: +0,0.627,186
Jul 07 2014 01: +0,0.644,155
Jul 08 2014 01: +0,0.677,158
Jul 09 2014 01: +0,0.661,137
Jul 10 2014 01: +0,0.657,190
Jul 11 2014 01: +0,0.636,168
Jul 12 2014 01: +0,0.685,170
Jul 13 2014 01: +0,0.711,161
Jul 14 2014 01: +0,0.717,160
Jul 15 2014 01: +0,0.729,154
Jul 16 2014 01: +0,0.711,159
Jul 17 2014 01: +0,0.695,154
Jul 18 2014 01: +0,0.653,180
Jul 19 2014 01: +0,0.671,155
Jul 20 2014 01: +0,0.648,173
Jul 21 2014 01: +0,0.667,136
Jul 22 2014 01: +0,0.66,162
Jul 23 2014 01: +0,0.706,143
Jul 24 2014 01: +0,0.67,141
Jul 25 2014 01: +0,0.687,174
Jul 26 2014 01: +0,0.665,166
Jul 27 2014 01: +0,0.709,166
Jul 28 2014 01: +0,0.713,163
Jul 29 2014 01: +0,0.709,176
Jul 30 2014 01: +0,0.671,202
Jul 31 2014 01: +0,0.694,182
Aug 01 2014 01: +0,0.692,168
Aug 02 2014 01: +0,0.737,188
Aug 03 2014 01: +0,0.682,183
Aug 04 2014 01: +0,0.685,207
Aug 05 2014 01: +0,0.595,220
Aug 06 2014 01: +0,0.603,197
Aug 07 2014 01: +0,0.634,216
Aug 08 2014 01: +0,0.611,197
Aug 09 2014 01: +0,0.673,168
Aug 10 2014 01: +0,0.653,165
Aug 11 2014 01: +0,0.643,207
Aug 12 2014 01: +0,0.663,187
Aug 13 2014 01: +0,0.665,187
Aug 14 2014 01: +0,0.678,191
Aug 15 2014 01: +0,0.651,210
Aug 16 2014 01: +0,0.641,245
Aug 17 2014 01: +0,0.542,261
Aug 18 2014 01: +0,0.563,201
Aug 19 2014 01: +0,0.614,166
Aug 20 2014 01: +0,0.657,174
Aug 21 2014 01: +0,0.647,200
Aug 22 2014 01: +0,0.677,188
Aug 23 2014 01: +0,0.689,233
Aug 24 2014 01: +0,0.695,176
Aug 25 2014 01: +0,0.68,211
Aug 26 2014 01: +0,0.68,210
Aug 27 2014 01: +0,0.716,186
Aug 28 2014 01: +0,0.688,177
Aug 29 2014 01: +0,0.677,211
Aug 30 2014 01: +0,0.661,280
Aug 31 2014 01: +0,0.684,212
Sep 01 2014 01: +0,0.708,210
Sep 02 2014 01: +0,0.752,178
Sep 03 2014 01: +0,0.744,168
Sep 04 2014 01: +0,0.691,171
Sep 05 2014 01: +0,0.644,218
Sep 06 2014 01: +0,0.669,204
Sep 07 2014 01: +0,0.675,248
Sep 08 2014 01: +0,0.689,214
Sep 09 2014 01: +0,0.712,172
Sep 10 2014 01: +0,0.688,174
Sep 11 2014 01: +0,0.632,211
Sep 12 2014 01: +0,0.6,281
Sep 13 2014 01: +0,0.588,254
Sep 14 2014 01: +0,0.585,261
Sep 15 2014 01: +0,0.629,212
Sep 16 2014 01: +0,0.621,171
Sep 17 2014 01: +0,0.59,203
Sep 18 2014 01: +0,0.573,273
Sep 19 2014 01: +0,0.592,227
Sep 20 2014 01: +0,0.578,276
Sep 21 2014 01: +0,0.603,200
Sep 22 2014 01: +0,0.59,202
Sep 23 2014 01: +0,0.558,195
Sep 24 2014 01: +0,0.571,188
Sep 25 2014 01: +0,0.596,170
Sep 26 2014 01: +0,0.594,189
Sep 27 2014 01: +0,0.551,225
Sep 28 2014 01: +0,0.583,281
Sep 29 2014 01: +0,0.56,205
Sep 30 2014 01: +0,0.542,173
Oct 01 2014 01: +0,0.569,196
Oct 02 2014 01: +0,0.589,208
Oct 03 2014 01: +0,0.594,213
Oct 04 2014 01: +0,0.6,278
Oct 05 2014 01: +0,0.575,265
Oct 06 2014 01: +0,0.602,176
Oct 07 2014 01: +0,0.605,216
Oct 08 2014 01: +0,0.591,225
Oct 09 2014 01: +0,0.575,203
Oct 10 2014 01: +0,0.564,246
Oct 11 2014 01: +0,0.557,302
Oct 12 2014 01: +0,0.576,294
Oct 13 2014 01: +0,0.571,204
Oct 14 2014 01: +0,0.623,207
Oct 15 2014 01: +0,0.63,188
Oct 16 2014 01: +0,0.608,206
Oct 17 2014 01: +0,0.574,259
Oct 18 2014 01: +0,0.597,281
Oct 19 2014 01: +0,0.582,196
Oct 20 2014 01: +0,0.568,195
Oct 21 2014 01: +0,0.579,142
Oct 22 2014 01: +0,0.551,190
Oct 23 2014 01: +0,0.595,160
Oct 24 2014 01: +0,0.586,197
Oct 25 2014 01: +0,0.62,225
Oct 26 2014 01: +0,0.557,259
Oct 27 2014 01: +0,0.561,183
Oct 28 2014 01: +0,0.588,191
Oct 29 2014 01: +0,0.607,160
Oct 30 2014 01: +0,0.669,138
Oct 31 2014 01: +0,0.538,263
Nov 01 2014 01: +0,0.554,252
Nov 02 2014 01: +0,0.564,241
Nov 03 2014 01: +0,0.56,165
Nov 04 2014 01: +0,0.587,163
Nov 05 2014 01: +0,0.603,155
Nov 06 2014 01: +0,0.618,191
Nov 07 2014 01: +0,0.602,193
Nov 08 2014 01: +0,0.595,217
Nov 09 2014 01: +0,0.597,234
Nov 10 2014 01: +0,0.606,182
Nov 11 2014 01: +0,0.588,177
Nov 12 2014 01: +0,0.435,219
Nov 13 2014 01: +0,0.407,200
Nov 14 2014 01: +0,0.459,202
Nov 15 2014 01: +0,0.497,239
Nov 16 2014 01: +0,0.513,206
Nov 17 2014 01: +0,0.49,187
Nov 18 2014 01: +0,0.519,177
Nov 19 2014 01: +0,0.556,162
Nov 20 2014 01: +0,0.556,123
Nov 21 2014 01: +0,0.5,157
Nov 22 2014 01: +0,0.475,200
Nov 23 2014 01: +0,0.437,191
Nov 24 2014 01: +0,0.439,164
Nov 25 2014 01: +0,0.477,150
Nov 26 2014 01: +0,0.51,166
Nov 27 2014 01: +0,0.482,194
Nov 28 2014 01: +0,0.503,216
Nov 29 2014 01: +0,0.791,55
Nov 30 2014 01: +0,0.513,286
Dec 01 2014 01: +0,0.392,258
Dec 02 2014 01: +0,0.486,167
Dec 03 2014 01: +0,0.539,149
Dec 04 2014 01: +0,0.595,140
Dec 05 2014 01: +0,0.681,145
Dec 06 2014 01: +0,0.676,203
Dec 07 2014 01: +0,0.634,184
Dec 08 2014 01: +0,0.595,175
Dec 09 2014 01: +0,0.591,133
Dec 10 2014 01: +0,0.572,171
Dec 11 2014 01: +0,0.623,139
Dec 12 2014 01: +0,0.543,179
Dec 13 2014 01: +0,0.569,234
Dec 14 2014 01: +0,0.585,184
Dec 15 2014 01: +0,0.565,190
Dec 16 2014 01: +0,0.605,152
Dec 17 2014 01: +0,0.583,168
Dec 18 2014 01: +0,0.594,184
Dec 19 2014 01: +0,0.539,207
Dec 20 2014 01: +0,0.54,205
Dec 21 2014 01: +0,0.522,207
Dec 22 2014 01: +0,0.528,191
Dec 23 2014 01: +0,0.535,185
Dec 24 2014 01: +0,0.516,205
Dec 25 2014 01: +0,0.611,199
Dec 26 2014 01: +0,0.695,198
Dec 27 2014 01: +0,0.658,232
Dec 28 2014 01: +0,0.696,210
Dec 29 2014 01: +0,0.716,207
Dec 30 2014 01: +0,0.733,207
Dec 31 2014 01: +0,0.779,169
Jan 01 2015 01: +0,0.745,206
Jan 02 2015 01: +0,0.735,274
Jan 03 2015 01: +0,0.763,206
Jan 04 2015 01: +0,0.762,243
Jan 05 2015 01: +0,0.763,190
Jan 06 2015 01: +0,0.755,214
Jan 07 2015 01: +0,0.801,153
Jan 08 2015 01: +0,0.794,190
Jan 09 2015 01: +0,0.743,280
Jan 10 2015 01: +0,0.783,258
Jan 11 2015 01: +0,0.794,267
Jan 12 2015 01: +0,0.746,283
Jan 13 2015 01: +0,0.741,248
Jan 14 2015 01: +0,0.776,242
Jan 15 2015 01: +0,0.8,204
Jan 16 2015 01: +0,0.768,243
Jan 17 2015 01: +0,0.754,281
Jan 18 2015 01: +0,0.79,241
Jan 19 2015 01: +0,0.784,229
Jan 20 2015 01: +0,0.77,198
Jan 21 2015 01: +0,0.755,230
Jan 22 2015 01: +0,0.732,207
Jan 23 2015 01: +0,0.762,231
Jan 24 2015 01: +0,0.78,263
Jan 25 2015 01: +0,0.745,261
Jan 26 2015 01: +0,0.742,246
Jan 27 2015 01: +0,0.731,233
Jan 28 2015 01: +0,0.763,203
Jan 29 2015 01: +0,0.76,216
Jan 30 2015 01: +0,0.743,242
Jan 31 2015 01: +0,0.795,268
Feb 01 2015 01: +0,0.736,295
Feb 02 2015 01: +0,0.752,207
Feb 03 2015 01: +0,0.776,184
Feb 04 2015 01: +0,0.738,188
Feb 05 2015 01: +0,0.748,194
Feb 06 2015 01: +0,0.726,240
Feb 07 2015 01: +0,0.758,274
Feb 08 2015 01: +0,0.725,251
Feb 09 2015 01: +0,0.733,220
Feb 10 2015 01: +0,0.756,203
Feb 11 2015 01: +0,0.773,214
Feb 12 2015 01: +0,0.741,195
Feb 13 2015 01: +0,0.744,206
Feb 14 2015 01: +0,0.757,224
Feb 15 2015 01: +0,0.737,243
Feb 16 2015 01: +0,0.728,221
Feb 17 2015 01: +0,0.729,190
Feb 18 2015 01: +0,0.727,197
Feb 19 2015 01: +0,0.745,207
Feb 20 2015 01: +0,0.746,222
Feb 21 2015 01: +0,0.774,185
Feb 22 2015 01: +0,0.791,189
Feb 23 2015 01: +0,0.781,172
Feb 24 2015 01: +0,0.804,170
Feb 25 2015 01: +0,0.774,167
Feb 26 2015 01: +0,0.793,154
Feb 27 2015 01: +0,0.755,228
Feb 28 2015 01: +0,0.743,227
Mar 01 2015 01: +0,0.761,215
Mar 02 2015 01: +0,0.773,175
Mar 03 2015 01: +0,0.778,149
Mar 04 2015 01: +0,0.782,171
Mar 05 2015 01: +0,0.745,182
Mar 06 2015 01: +0,0.737,189
Mar 07 2015 01: +0,0.735,226
Mar 08 2015 01: +0,0.732,206
Mar 09 2015 01: +0,0.716,167
Mar 10 2015 01: +0,0.727,147
Mar 11 2015 01: +0,0.716,131
Mar 12 2015 01: +0,0.723,146
Mar 13 2015 01: +0,0.69,171
Mar 14 2015 01: +0,0.695,232
Mar 15 2015 01: +0,0.641,235
Mar 16 2015 01: +0,0.618,175
Mar 17 2015 01: +0,0.709,139
Mar 18 2015 01: +0,0.715,156
Mar 19 2015 01: +0,0.706,172
Mar 20 2015 01: +0,0.726,199
Mar 21 2015 01: +0,0.711,266
Mar 22 2015 01: +0,0.7,203
Mar 23 2015 01: +0,0.719,179
Mar 24 2015 01: +0,0.734,180
Mar 25 2015 01: +0,0.723,168
Mar 26 2015 01: +0,0.743,151
Mar 27 2015 01: +0,0.725,200
Mar 28 2015 01: +0,0.73,195
Mar 29 2015 01: +0,0.708,215
Mar 30 2015 01: +0,0.746,173
Mar 31 2015 01: +0,0.732,180
Apr 01 2015 01: +0,2.963,1425
Apr 02 2015 01: +0,3.073,590
Apr 03 2015 01: +0,3.174,461
Apr 04 2015 01: +0,3.036,439
Apr 05 2015 01: +0,3.066,399
Apr 06 2015 01: +0,3.023,324
Apr 07 2015 01: +0,3.111,342
Apr 08 2015 01: +0,3.188,294
Apr 09 2015 01: +0,3.136,230
Apr 10 2015 01: +0,3.209,247
Apr 11 2015 01: +0,3.066,279
Apr 12 2015 01: +0,3.059,296
Apr 13 2015 01: +0,2.896,160
Apr 14 2015 01: +0,2.831,176
Apr 15 2015 01: +0,2.704,182
Apr 16 2015 01: +0,2.435,161
Apr 17 2015 01: +0,2.435,227
Apr 18 2015 01: +0,2.403,264
Apr 19 2015 01: +0,2.319,178
Apr 20 2015 01: +0,2.284,177
Apr 21 2015 01: +0,2.352,144
Apr 22 2015 01: +0,2.365,139
Apr 23 2015 01: +0,2.382,175
Apr 24 2015 01: +0,2.62,178
Apr 25 2015 01: +0,2.524,198
Apr 26 2015 01: +0,2.499,230
Apr 27 2015 01: +0,2.492,131
Apr 28 2015 01: +0,2.522,149
Apr 29 2015 01: +0,2.738,112
Apr 30 2015 01: +0,2.602,147
May 01 2015 01: +0,2.608,152
May 02 2015 01: +0,2.822,181
May 03 2015 01: +0,2.722,159
May 04 2015 01: +0,2.718,128
May 05 2015 01: +0,2.57,125
May 06 2015 01: +0,2.625,135
May 07 2015 01: +0,2.817,157
May 08 2015 01: +0,2.768,140
May 09 2015 01: +0,2.728,145
May 10 2015 01: +0,2.663,147
May 11 2015 01: +0,2.749,110
May 12 2015 01: +0,2.758,145
May 13 2015 01: +0,2.837,106
May 14 2015 01: +0,2.786,122
May 15 2015 01: +0,2.892,99
May 16 2015 01: +0,2.905,123
May 17 2015 01: +0,2.79,103
May 18 2015 01: +0,2.785,76
May 19 2015 01: +0,2.707,87
May 20 2015 01: +0,2.633,95
May 21 2015 01: +0,2.698,102
May 22 2015 01: +0,2.827,123
May 23 2015 01: +0,2.711,113
May 24 2015 01: +0,2.796,86
May 25 2015 01: +0,2.556,96
May 26 2015 01: +0,2.656,77
May 27 2015 01: +0,2.163,137
May 28 2015 01: +0,2.246,147
May 29 2015 01: +0,2.479,96
May 30 2015 01: +0,2.625,107
May 31 2015 01: +0,2.527,116
Jun 01 2015 01: +0,2.804,115
Jun 02 2015 01: +0,2.705,98
Jun 03 2015 01: +0,2.723,113
Jun 04 2015 01: +0,2.696,75
Jun 05 2015 01: +0,2.385,116
Jun 06 2015 01: +0,2.559,93
Jun 07 2015 01: +0,2.449,128
Jun 08 2015 01: +0,2.429,79
Jun 09 2015 01: +0,2.399,100
Jun 10 2015 01: +0,2.714,129
Jun 11 2015 01: +0,2.504,89
Jun 12 2015 01: +0,2.331,116
Jun 13 2015 01: +0,2.385,136
Jun 14 2015 01: +0,2.309,108
Jun 15 2015 01: +0,2.291,102
Jun 16 2015 01: +0,2.229,91
Jun 17 2015 01: +0,2.3,98
Jun 18 2015 01: +0,2.334,84
Jun 19 2015 01: +0,2.232,92
Jun 20 2015 01: +0,2.29,98
Jun 21 2015 01: +0,2.181,122
Jun 22 2015 01: +0,2.227,113
Jun 23 2015 01: +0,2.526,112
Jun 24 2015 01: +0,2.733,62
Jun 25 2015 01: +0,2.573,61
Jun 26 2015 01: +0,3.607,76
Jun 27 2015 01: +0,2.738,83
Jun 28 2015 01: +0,2.711,55
Jun 29 2015 01: +0,2.664,91
Jun 30 2015 01: +0,2.78,59
Jul 01 2015 01: +0,2.714,59
Jul 02 2015 01: +0,2.694,62
Jul 03 2015 01: +0,2.9,71
Jul 04 2015 01: +0,2.89,42
Jul 05 2015 01: +0,2.686,72
Jul 06 2015 01: +0,2.824,76
Jul 07 2015 01: +0,2.842,77
Jul 08 2015 01: +0,2.69,51
Jul 09 2015 01: +0,3.004,54
Jul 10 2015 01: +0,2.928,58
Jul 11 2015 01: +0,2.676,61
Jul 12 2015 01: +0,2.727,48
Jul 13 2015 01: +0,2.654,76
Jul 14 2015 01: +0,2.7,77
Jul 15 2015 01: +0,2.835,76
Jul 16 2015 01: +0,2.763,61
Jul 17 2015 01: +0,2.769,68
Jul 18 2015 01: +0,2.66,63
Jul 19 2015 01: +0,2.611,49
Jul 20 2015 01: +0,2.781,81
Jul 21 2015 01: +0,2.947,43
Jul 22 2015 01: +0,2.628,51
Jul 23 2015 01: +0,2.652,63
Jul 24 2015 01: +0,2.909,54
Jul 25 2015 01: +0,2.945,30
Jul 26 2015 01: +0,2.718,51
Jul 27 2015 01: +0,2.746,74
Jul 28 2015 01: +0,2.863,39
Jul 29 2015 01: +0,2.687,51
Jul 30 2015 01: +0,2.672,77
Jul 31 2015 01: +0,2.86,53
Aug 01 2015 01: +0,2.846,47
Aug 02 2015 01: +0,2.717,47
Aug 03 2015 01: +0,2.733,75
Aug 04 2015 01: +0,2.766,49
Aug 05 2015 01: +0,2.878,56
Aug 06 2015 01: +0,2.746,46
Aug 07 2015 01: +0,2.901,51
Aug 08 2015 01: +0,2.697,51
Aug 09 2015 01: +0,2.695,59
Aug 10 2015 01: +0,2.561,46
Aug 11 2015 01: +0,2.741,68
Aug 12 2015 01: +0,2.74,38
Aug 13 2015 01: +0,2.645,45
Aug 14 2015 01: +0,2.725,39
Aug 15 2015 01: +0,2.672,40
Aug 16 2015 01: +0,2.695,32
Aug 17 2015 01: +0,2.482,36
Aug 18 2015 01: +0,2.543,41
Aug 19 2015 01: +0,2.538,47
Aug 20 2015 01: +0,2.463,34
Aug 21 2015 01: +0,2.523,63
Aug 22 2015 01: +0,2.512,54
Aug 23 2015 01: +0,2.211,71
Aug 24 2015 01: +0,2.218,63
Aug 25 2015 01: +0,2.717,49
Aug 26 2015 01: +0,2.724,57
Aug 27 2015 01: +0,2.711,62
Aug 28 2015 01: +0,2.752,67
Aug 29 2015 01: +0,2.993,55
Aug 30 2015 01: +0,2.864,59
Aug 31 2015 01: +0,2.951,22
Sep 01 2015 01: +0,3.185,35
Sep 02 2015 01: +0,3.17,36
Sep 03 2015 01: +0,3.272,65
Sep 04 2015 01: +0,3.005,39
Sep 05 2015 01: +0,3.031,52
Sep 06 2015 01: +0,2.985,34
Sep 07 2015 01: +0,3.119,63
Sep 08 2015 01: +0,3.123,29
Sep 09 2015 01: +0,3.032,34
Sep 10 2015 01: +0,2.939,23
Sep 11 2015 01: +0,3.013,39
Sep 12 2015 01: +0,3.116,32
Sep 13 2015 01: +0,2.923,38
Sep 14 2015 01: +0,2.823,50
Sep 15 2015 01: +0,3.046,42
Sep 16 2015 01: +0,3.105,42
Sep 17 2015 01: +0,3.302,36
Sep 18 2015 01: +0,2.647,43
Sep 19 2015 01: +0,2.623,87
Sep 20 2015 01: +0,2.564,52
Sep 21 2015 01: +0,2.473,56
Sep 22 2015 01: +0,2.571,41
Sep 23 2015 01: +0,2.525,53
Sep 24 2015 01: +0,2.457,45
Sep 25 2015 01: +0,2.531,39
Sep 26 2015 01: +0,2.484,47
Sep 27 2015 01: +0,2.377,33
Sep 28 2015 01: +0,2.37,63
Sep 29 2015 01: +0,2.661,22
Sep 30 2015 01: +0,2.524,41
Oct 01 2015 01: +0,2.434,44
Oct 02 2015 01: +0,2.446,40
Oct 03 2015 01: +0,2.479,70
Oct 04 2015 01: +0,2.52,33
Oct 05 2015 01: +0,2.598,36
Oct 06 2015 01: +0,2.527,34
Oct 07 2015 01: +0,2.618,45
Oct 08 2015 01: +0,2.436,30
Oct 09 2015 01: +0,2.654,31
Oct 10 2015 01: +0,2.56,42
Oct 11 2015 01: +0,2.513,58
Oct 12 2015 01: +0,2.485,24
Oct 13 2015 01: +0,2.45,28
Oct 14 2015 01: +0,2.349,30
Oct 15 2015 01: +0,2.582,21
Oct 16 2015 01: +0,2.428,29
Oct 17 2015 01: +0,2.494,44
Oct 18 2015 01: +0,2.401,25
Oct 19 2015 01: +0,2.324,28
Oct 20 2015 01: +0,2.503,26
Oct 21 2015 01: +0,2.471,24
Oct 22 2015 01: +0,2.481,34
Oct 23 2015 01: +0,2.42,35
Oct 24 2015 01: +0,2.41,34
Oct 25 2015 01: +0,2.201,45
Oct 26 2015 01: +0,2.29,28
Oct 27 2015 01: +0,2.33,32
Oct 28 2015 01: +0,2.308,28
Oct 29 2015 01: +0,2.251,28
Oct 30 2015 01: +0,2.261,23
Oct 31 2015 01: +0,2.31,51
Nov 01 2015 01: +0,1.983,48
Nov 02 2015 01: +0,2.048,71
Nov 03 2015 01: +0,2.459,37
Nov 04 2015 01: +0,2.494,17
Nov 05 2015 01: +0,2.541,45
Nov 06 2015 01: +0,2.555,39
Nov 07 2015 01: +0,2.336,22
Nov 08 2015 01: +0,2.416,25
Nov 09 2015 01: +0,2.32,29
Nov 10 2015 01: +0,2.544,33
Nov 11 2015 01: +0,2.52,19
Nov 12 2015 01: +0,2.342,14
Nov 13 2015 01: +0,2.303,29
Nov 14 2015 01: +0,2.353,33
Nov 15 2015 01: +0,2.634,29
Nov 16 2015 01: +0,2.409,33
Nov 17 2015 01: +0,2.597,22
Nov 18 2015 01: +0,2.442,15
Nov 19 2015 01: +0,2.426,31
Nov 20 2015 01: +0,2.362,28
Nov 21 2015 01: +0,2.564,15
Nov 22 2015 01: +0,2.395,21
Nov 23 2015 01: +0,2.271,44
Nov 24 2015 01: +0,2.683,23
Nov 25 2015 01: +0,2.48,22
Nov 26 2015 01: +0,2.163,42
Nov 27 2015 01: +0,2.197,20
Nov 28 2015 01: +0,2.081,73
Nov 29 2015 01: +0,1.961,50
Nov 30 2015 01: +0,2.35,40
Dec 01 2015 01: +0,2.105,28
Dec 02 2015 01: +0,2.009,32
Dec 03 2015 01: +0,2.384,39
Dec 04 2015 01: +0,2.609,31
Dec 05 2015 01: +0,2.613,18
Dec 06 2015 01: +0,2.572,30
Dec 07 2015 01: +0,2.603,50
Dec 08 2015 01: +0,2.588,22
Dec 09 2015 01: +0,2.555,17
Dec 10 2015 01: +0,2.341,29
Dec 11 2015 01: +0,2.463,33
Dec 12 2015 01: +0,2.553,50
Dec 13 2015 01: +0,2.292,37
Dec 14 2015 01: +0,2.436,28
Dec 15 2015 01: +0,3.686,19
Dec 16 2015 01: +0,2.505,39
Dec 17 2015 01: +0,2.519,25
Dec 18 2015 01: +0,2.585,26
Dec 19 2015 01: +0,2.47,30
Dec 20 2015 01: +0,2.494,10
Dec 21 2015 01: +0,2.172,19
Dec 22 2015 01: +0,2.483,35
Dec 23 2015 01: +0,2.321,34
Dec 24 2015 01: +0,1.941,35
Dec 25 2015 01: +0,2.381,64
Dec 26 2015 01: +0,2.806,25
Dec 27 2015 01: +0,2.738,24
Dec 28 2015 01: +0,2.399,48
Dec 29 2015 01: +0,2.542,34
Dec 30 2015 01: +0,2.729,19
Dec 31 2015 01: +0,2.671,30
Jan 01 2016 01: +0,2.576,26
Jan 02 2016 01: +0,2.355,28
Jan 03 2016 01: +0,2.234,26
Jan 04 2016 01: +0,2.103,40
Jan 05 2016 01: +0,2.721,29
Jan 06 2016 01: +0,2.747,41
Jan 07 2016 01: +0,2.571,15
Jan 08 2016 01: +0,3.237,29
Jan 09 2016 01: +0,3.01,15
Jan 10 2016 01: +0,2.754,31
Jan 11 2016 01: +0,2.607,12
Jan 12 2016 01: +0,2.691,18
Jan 13 2016 01: +0,2.76,19
Jan 14 2016 01: +0,2.869,9
Jan 15 2016 01: +0,2.547,25
Jan 16 2016 01: +0,2.422,48
Jan 17 2016 01: +0,2.72,30
Jan 18 2016 01: +0,2.733,35
Jan 19 2016 01: +0,2.712,21
Jan 20 2016 01: +0,2.75,14
Jan 21 2016 01: +0,2.722,28
Jan 22 2016 01: +0,2.387,33
Jan 23 2016 01: +0,2.667,34
Jan 24 2016 01: +0,2.641,12
Jan 25 2016 01: +0,2.789,39
Jan 26 2016 01: +0,2.635,29
Jan 27 2016 01: +0,2.763,20
Jan 28 2016 01: +0,2.572,20
Jan 29 2016 01: +0,2.529,17
Jan 30 2016 01: +0,2.281,26
Jan 31 2016 01: +0,2.723,41
Feb 01 2016 01: +0,2.277,13
Feb 02 2016 01: +0,2.451,32
Feb 03 2016 01: +0,2.656,22
Feb 04 2016 01: +0,2.588,25
Feb 05 2016 01: +0,2.659,15
Feb 06 2016 01: +0,2.428,19
Feb 07 2016 01: +0,2.364,28
Feb 08 2016 01: +0,2.315,24
Feb 09 2016 01: +0,2.367,21
Feb 10 2016 01: +0,2.416,21
Feb 11 2016 01: +0,2.478,30
Feb 12 2016 01: +0,2.276,30
Feb 13 2016 01: +0,2.662,19
Feb 14 2016 01: +0,2.666,21
Feb 15 2016 01: +0,2.551,28
Feb 16 2016 01: +0,2.673,31
Feb 17 2016 01: +0,2.459,19
Feb 18 2016 01: +0,2.091,27
Feb 19 2016 01: +0,2.108,24
Feb 20 2016 01: +0,2.154,25
Feb 21 2016 01: +0,2.255,19
Feb 22 2016 01: +0,2.476,31
Feb 23 2016 01: +0,2.204,23
Feb 24 2016 01: +0,2.21,34
Feb 25 2016 01: +0,2.192,37
Feb 26 2016 01: +0,2.245,30
Feb 27 2016 01: +0,2.454,26
Feb 28 2016 01: +0,2.279,20
Feb 29 2016 01: +0,2.561,33
Mar 01 2016 01: +0,2.456,21
Mar 02 2016 01: +0,2.636,14
Mar 03 2016 01: +0,2.545,27
Mar 04 2016 01: +0,2.562,21
Mar 05 2016 01: +0,2.561,39
Mar 06 2016 01: +0,2.688,29
Mar 07 2016 01: +0,2.603,29
Mar 08 2016 01: +0,2.545,28
Mar 09 2016 01: +0,2.517,24
Mar 10 2016 01: +0,2.683,10
Mar 11 2016 01: +0,3.017,18
Mar 12 2016 01: +0,2.616,24
Mar 13 2016 01: +0,2.461,18
Mar 14 2016 01: +0,2.421,23
Mar 15 2016 01: +0,2.818,28
Mar 16 2016 01: +0,3.031,13
Mar 17 2016 01: +0,2.79,6
Mar 18 2016 01: +0,2.818,12
Mar 19 2016 01: +0,2.642,21
Mar 20 2016 01: +0,2.67,20
Mar 21 2016 01: +0,2.749,9
Mar 22 2016 01: +0,2.582,12
Mar 23 2016 01: +0,2.748,10
Mar 24 2016 01: +0,2.664,20
Mar 25 2016 01: +0,2.702,27
Mar 26 2016 01: +0,2.598,6
Mar 27 2016 01: +0,2.664,17
Mar 28 2016 01: +0,2.661,11
Mar 29 2016 01: +0,2.372,14
Mar 30 2016 01: +0,2.5,14
Mar 31 2016 01: +0,2.588,34
Apr 01 2016 01: +0,2.648,18
Apr 02 2016 01: +0,2.599,17
Apr 03 2016 01: +0,2.492,17
Apr 04 2016 01: +0,2.589,24
Apr 05 2016 01: +0,2.654,9
Apr 06 2016 01: +0,2.499,12
Apr 07 2016 01: +0,2.675,19
Apr 08 2016 01: +0,2.616,17
Apr 09 2016 01: +0,2.915,17
Apr 10 2016 01: +0,2.728,10
Apr 11 2016 01: +0,2.576,24
Apr 12 2016 01: +0,2.957,29
Apr 13 2016 01: +0,2.81,14
Apr 14 2016 01: +0,2.737,17
Apr 15 2016 01: +0,2.798,14
Apr 16 2016 01: +0,2.834,12
Apr 17 2016 01: +0,2.536,15
Apr 18 2016 01: +0,2.739,16
Apr 19 2016 01: +0,2.885,8
Apr 20 2016 01: +0,2.816,12
Apr 21 2016 01: +0,2.425,18
Apr 22 2016 01: +0,2.668,6
Apr 23 2016 01: +0,2.859,30
Apr 24 2016 01: +0,2.802,23
Apr 25 2016 01: +0,2.836,11
Apr 26 2016 01: +0,2.957,21
Apr 27 2016 01: +0,3.068,7
Apr 28 2016 01: +0,2.835,10
Apr 29 2016 01: +0,2.979,25
Apr 30 2016 01: +0,3.14,23
May 01 2016 01: +0,2.761,19
May 02 2016 01: +0,5.068,13
May 03 2016 01: +0,2.641,18
May 04 2016 01: +0,2.608,2
May 05 2016 01: +0,2.657,25
May 06 2016 01: +0,2.483,25
May 07 2016 01: +0,2.949,40
May 08 2016 01: +0,2.971,12
May 09 2016 01: +0,3.095,9
May 10 2016 01: +0,3.106,9
May 11 2016 01: +0,2.855,10
May 12 2016 01: +0,2.733,24
May 13 2016 01: +0,2.924,15
May 14 2016 01: +0,2.745,9
May 15 2016 01: +0,2.675,32
May 16 2016 01: +0,2.928,9
May 17 2016 01: +0,3.03,9
May 18 2016 01: +0,2.706,10
May 19 2016 01: +0,2.681,7
May 20 2016 01: +0,2.704,22
May 21 2016 01: +0,2.669,23
May 22 2016 01: +0,2.761,8
May 23 2016 01: +0,2.746,17
May 24 2016 01: +0,2.877,4
May 25 2016 01: +0,2.453,21
May 26 2016 01: +0,3.166,10
May 27 2016 01: +0,2.682,5
May 28 2016 01: +0,2.672,28
May 29 2016 01: +0,2.779,15
May 30 2016 01: +0,2.499,14
May 31 2016 01: +0,2.375,14
Jun 01 2016 01: +0,2.44,22
Jun 02 2016 01: +0,2.666,7
Jun 03 2016 01: +0,2.384,12
Jun 04 2016 01: +0,2.179,13
Jun 05 2016 01: +0,2.284,12
Jun 06 2016 01: +0,2.253,9
Jun 07 2016 01: +0,2.368,20
Jun 08 2016 01: +0,2.402,11
Jun 09 2016 01: +0,2.335,8
Jun 10 2016 01: +0,2.267,11
Jun 11 2016 01: +0,2.237,14
Jun 12 2016 01: +0,2.409,14
Jun 13 2016 01: +0,2.262,15
Jun 14 2016 01: +0,2.3,24
Jun 15 2016 01: +0,2.363,6
Jun 16 2016 01: +0,2.426,6
Jun 17 2016 01: +0,2.292,11
Jun 18 2016 01: +0,2.26,17
Jun 19 2016 01: +0,2.176,10
Jun 20 2016 01: +0,2.133,25
Jun 21 2016 01: +0,2.358,14
Jun 22 2016 01: +0,2.107,8
Jun 23 2016 01: +0,1.904,10
Jun 24 2016 01: +0,1.94,18
Jun 25 2016 01: +0,1.892,26
Jun 26 2016 01: +0,1.871,14
Jun 27 2016 01: +0,1.821,24
Jun 28 2016 01: +0,1.545,17
Jun 29 2016 01: +0,1.593,20
Jun 30 2016 01: +0,1.816,29
Jul 01 2016 01: +0,1.737,8
Jul 02 2016 01: +0,1.785,18
Jul 03 2016 01: +0,1.848,24
Jul 04 2016 01: +0,1.731,10
Jul 05 2016 01: +0,1.893,15
Jul 06 2016 01: +0,1.871,11
Jul 07 2016 01: +0,1.929,16
Jul 08 2016 01: +0,2.064,12
Jul 09 2016 01: +0,2.037,10
Jul 10 2016 01: +0,2,21
Jul 11 2016 01: +0,1.733,12
Jul 12 2016 01: +0,1.99,19
Jul 13 2016 01: +0,1.87,8
Jul 14 2016 01: +0,2.18,12
Jul 15 2016 01: +0,2.498,20
Jul 16 2016 01: +0,2.264,17
Jul 17 2016 01: +0,2.214,5
Jul 18 2016 01: +0,1.967,9
Jul 19 2016 01: +0,2.033,16
Jul 20 2016 01: +0,2.327,10
Jul 21 2016 01: +0,2.043,3
Jul 22 2016 01: +0,1.936,5
Jul 23 2016 01: +0,1.972,15
Jul 24 2016 01: +0,2.201,21
Jul 25 2016 01: +0,2.12,12
Jul 26 2016 01: +0,2.272,12
Jul 27 2016 01: +0,2.217,12
Jul 28 2016 01: +0,2.318,4
Jul 29 2016 01: +0,2.331,8
Jul 30 2016 01: +0,2.268,13
Jul 31 2016 01: +0,2.351,6
Aug 01 2016 01: +0,2.402,3
Aug 02 2016 01: +0,2.236,11
Aug 03 2016 01: +0,2.411,4
Aug 04 2016 01: +0,2.285,15
Aug 05 2016 01: +0,2.358,4
Aug 06 2016 01: +0,2.197,2
Aug 07 2016 01: +0,2.097,11
Aug 08 2016 01: +0,1.928,11
Aug 09 2016 01: +0,1.776,14
Aug 10 2016 01: +0,2.056,13
Aug 11 2016 01: +0,2.118,1
Aug 12 2016 01: +0,1.946,8
Aug 13 2016 01: +0,1.985,6
Aug 14 2016 01: +0,2.069,18
Aug 15 2016 01: +0,2.086,5
Aug 16 2016 01: +0,1.799,6
Aug 17 2016 01: +0,1.889,8
Aug 18 2016 01: +0,1.901,12
Aug 19 2016 01: +0,2.165,11
Aug 20 2016 01: +0,2.099,9
Aug 21 2016 01: +0,1.933,8
Aug 22 2016 01: +0,1.952,8
Aug 23 2016 01: +0,1.929,6
Aug 24 2016 01: +0,2.042,11
Aug 25 2016 01: +0,2.075,3
Aug 26 2016 01: +0,2.234,12
Aug 27 2016 01: +0,2.174,21
Aug 28 2016 01: +0,2.222,7
Aug 29 2016 01: +0,2.315,4
Aug 30 2016 01: +0,2.056,10
Aug 31 2016 01: +0,2.151,8
Sep 01 2016 01: +0,1.947,11
Sep 02 2016 01: +0,2.063,11
Sep 03 2016 01: +0,2.178,13
Sep 04 2016 01: +0,2.117,5
Sep 05 2016 01: +0,1.875,12
Sep 06 2016 01: +0,2.296,11
Sep 07 2016 01: +0,2.239,16
Sep 08 2016 01: +0,2.289,7
Sep 09 2016 01: +0,2.083,11
Sep 10 2016 01: +0,2.182,12
Sep 11 2016 01: +0,2.317,7
Sep 12 2016 01: +0,2.185,5
Sep 13 2016 01: +0,2.134,5
Sep 14 2016 01: +0,1.923,8
Sep 15 2016 01: +0,1.916,4
Sep 16 2016 01: +0,1.901,9
Sep 17 2016 01: +0,1.965,12
Sep 18 2016 01: +0,1.77,7
Sep 19 2016 01: +0,2.179,19
Sep 20 2016 01: +0,2.254,16
Sep 21 2016 01: +0,2.593,7
Sep 22 2016 01: +0,2.455,10
Sep 23 2016 01: +0,2.47,6
Sep 24 2016 01: +0,2.331,8
Sep 25 2016 01: +0,2.217,6
Sep 26 2016 01: +0,2.393,5
Sep 27 2016 01: +0,2.46,1
Sep 28 2016 01: +0,2.153,7
Sep 29 2016 01: +0,1.939,2
Sep 30 2016 01: +0,2.046,7
Oct 01 2016 01: +0,2.045,9
Oct 02 2016 01: +0,2.004,7
Oct 03 2016 01: +0,1.833,11
Oct 04 2016 01: +0,1.782,5
Oct 05 2016 01: +0,1.869,11
Oct 06 2016 01: +0,1.867,10
Oct 07 2016 01: +0,1.837,6
Oct 08 2016 01: +0,1.822,6
Oct 09 2016 01: +0,1.84,12
Oct 10 2016 01: +0,1.812,9
Oct 11 2016 01: +0,1.943,10
Oct 12 2016 01: +0,1.992,17
Oct 13 2016 01: +0,1.763,13
Oct 14 2016 01: +0,2.022,17
Oct 15 2016 01: +0,2.167,8
Oct 16 2016 01: +0,2.219,8
Oct 17 2016 01: +0,5.518,2
Oct 18 2016 01: +0,2.256,5
Oct 19 2016 01: +0,1.968,4
Oct 20 2016 01: +0,1.754,5
Oct 21 2016 01: +0,1.773,9
Oct 22 2016 01: +0,2.092,8
Oct 23 2016 01: +0,1.867,4
Oct 24 2016 01: +0,2.024,19
Oct 25 2016 01: +0,1.697,12
Oct 26 2016 01: +0,1.497,3
Oct 27 2016 01: +0,1.633,7
Oct 28 2016 01: +0,1.604,10
Oct 29 2016 01: +0,1.695,17
Oct 30 2016 01: +0,1.818,24
Oct 31 2016 01: +0,1.924,5
Nov 01 2016 01: +0,2.562,13
Nov 02 2016 01: +0,1.971,7
Nov 03 2016 01: +0,1.937,11
Nov 04 2016 01: +0,1.939,5
Nov 05 2016 01: +0,2.046,11
Nov 06 2016 01: +0,2.034,8
Nov 07 2016 01: +0,1.732,7
Nov 08 2016 01: +0,1.637,13
Nov 09 2016 01: +0,1.926,10
Nov 10 2016 01: +0,2.537,6
Nov 11 2016 01: +0,1.972,8
Nov 12 2016 01: +0,2.073,12
Nov 13 2016 01: +0,3.067,14
Nov 14 2016 01: +0,2.23,4
Nov 15 2016 01: +0,2.089,8
Nov 16 2016 01: +0,2.011,6
Nov 17 2016 01: +0,2.014,10
Nov 18 2016 01: +0,2.352,3
Nov 19 2016 01: +0,2.15,5
Nov 20 2016 01: +0,2.077,7
Nov 21 2016 01: +0,2.033,12
Nov 22 2016 01: +0,2.213,5
Nov 23 2016 01: +0,2.091,10
Nov 24 2016 01: +0,1.997,3
Nov 25 2016 01: +0,1.727,12
Nov 26 2016 01: +0,1.936,6
Nov 27 2016 01: +0,1.718,14
Nov 28 2016 01: +0,2.652,4
Nov 29 2016 01: +0,1.676,5
Nov 30 2016 01: +0,1.718,10
Dec 01 2016 01: +0,1.77,18
Dec 02 2016 01: +0,1.538,11
Dec 03 2016 01: +0,1.869,14
Dec 04 2016 01: +0,1.962,6
Dec 05 2016 01: +0,2.233,9
Dec 06 2016 01: +0,1.919,10
Dec 07 2016 01: +0,1.794,9
Dec 08 2016 01: +0,1.743,12
Dec 09 2016 01: +0,1.941,7
Dec 10 2016 01: +0,1.926,9
Dec 11 2016 01: +0,2.407,13
Dec 12 2016 01: +0,2.046,4
Dec 13 2016 01: +0,1.847,8
Dec 14 2016 01: +0,1.927,7
Dec 15 2016 01: +0,1.825,9
Dec 16 2016 01: +0,1.93,19
Dec 17 2016 01: +0,1.845,9
Dec 18 2016 01: +0,1.75,8
Dec 19 2016 01: +0,1.511,6
Dec 20 2016 01: +0,1.566,7
Dec 21 2016 01: +0,1.55,16
Dec 22 2016 01: +0,1.616,6
Dec 23 2016 01: +0,1.605,14
Dec 24 2016 01: +0,1.575,17
Dec 25 2016 01: +0,1.828,13
Dec 26 2016 01: +0,1.919,18
Dec 27 2016 01: +0,1.987,14
Dec 28 2016 01: +0,2.186,5
Dec 29 2016 01: +0,2.005,11
Dec 30 2016 01: +0,2.017,22
Dec 31 2016 01: +0,1.955,17
Jan 01 2017 01: +0,2.033,29
Jan 02 2017 01: +0,2.033,11
Jan 03 2017 01: +0,2.033,5
Jan 04 2017 01: +0,2.051,13
Jan 05 2017 01: +0,2.018,19
Jan 06 2017 01: +0,1.925,11
Jan 07 2017 01: +0,2.144,28
Jan 08 2017 01: +0,2.389,8
Jan 09 2017 01: +0,1.663,4
Jan 10 2017 01: +0,1.981,8
Jan 11 2017 01: +0,2.206,22
Jan 12 2017 01: +0,2.142,4
Jan 13 2017 01: +0,2.009,10
Jan 14 2017 01: +0,1.811,19
Jan 15 2017 01: +0,2.276,9
Jan 16 2017 01: +0,2.274,12
Jan 17 2017 01: +0,2.151,5
Jan 18 2017 01: +0,2.278,13
Jan 19 2017 01: +0,2.837,28
Jan 20 2017 01: +0,2.916,6
Jan 21 2017 01: +0,2.379,6
Jan 22 2017 01: +0,2.458,12
Jan 23 2017 01: +0,2.192,5
Jan 24 2017 01: +0,2.228,8
Jan 25 2017 01: +0,2.296,8
Jan 26 2017 01: +0,2.215,3
Jan 27 2017 01: +0,2.285,9
Jan 28 2017 01: +0,2.202,6
Jan 29 2017 01: +0,2.376,13
Jan 30 2017 01: +0,3.235,14
Jan 31 2017 01: +0,2.39,17
Feb 01 2017 01: +0,2.612,8
Feb 02 2017 01: +0,2.516,18
Feb 03 2017 01: +0,2.506,17
Feb 04 2017 01: +0,2.593,10
Feb 05 2017 01: +0,2.727,14
Feb 06 2017 01: +0,2.525,14
Feb 07 2017 01: +0,2.937,11
Feb 08 2017 01: +0,2.761,6
Feb 09 2017 01: +0,2.752,4
Feb 10 2017 01: +0,2.805,17
Feb 11 2017 01: +0,2.788,4
Feb 12 2017 01: +0,2.828,13
Feb 13 2017 01: +0,2.658,5
Feb 14 2017 01: +0,2.597,10
Feb 15 2017 01: +0,2.574,5
Feb 16 2017 01: +0,2.615,7
Feb 17 2017 01: +0,2.579,8
Feb 18 2017 01: +0,2.691,10
Feb 19 2017 01: +0,2.637,14
Feb 20 2017 01: +0,2.809,22
Feb 21 2017 01: +0,2.543,5
Feb 22 2017 01: +0,2.5,4
Feb 23 2017 01: +0,2.41,26
Feb 24 2017 01: +0,2.831,12
Feb 25 2017 01: +0,2.781,11
Feb 26 2017 01: +0,2.959,19
Feb 27 2017 01: +0,2.835,8
Feb 28 2017 01: +0,3.044,9
Mar 01 2017 01: +0,3.139,12
Mar 02 2017 01: +0,2.889,9
Mar 03 2017 01: +0,2.817,5
Mar 04 2017 01: +0,2.509,7
Mar 05 2017 01: +0,3.101,27
Mar 06 2017 01: +0,3.035,4
Mar 07 2017 01: +0,2.982,12
Mar 08 2017 01: +0,2.756,6
Mar 09 2017 01: +0,2.891,4
Mar 10 2017 01: +0,2.664,13
Mar 11 2017 01: +0,2.744,5
Mar 12 2017 01: +0,2.574,7
Mar 13 2017 01: +0,3.518,6
Mar 14 2017 01: +0,2.774,3
Mar 15 2017 01: +0,2.749,12
Mar 16 2017 01: +0,2.641,4
Mar 17 2017 01: +0,2.757,4
Mar 18 2017 01: +0,2.562,6
Mar 19 2017 01: +0,2.347,5
Mar 20 2017 01: +0,2.373,8
Mar 21 2017 01: +0,2.323,12
Mar 22 2017 01: +0,2.769,11
Mar 23 2017 01: +0,2.483,4
Mar 24 2017 01: +0,2.671,9
Mar 25 2017 01: +0,2.572,7
Mar 26 2017 01: +0,2.609,4
Mar 27 2017 01: +0,2.166,8
Mar 28 2017 01: +0,1.913,5
Mar 29 2017 01: +0,1.968,13
Mar 30 2017 01: +0,1.979,16
Mar 31 2017 01: +0,2.312,6
Apr 01 2017 01: +0,2.186,11
Apr 02 2017 01: +0,2.283,12
Apr 03 2017 01: +0,2.082,7
Apr 04 2017 01: +0,2.157,12
Apr 05 2017 01: +0,2.019,10
Apr 06 2017 01: +0,2.192,11
Apr 07 2017 01: +0,2.221,17
Apr 08 2017 01: +0,2.388,8
Apr 09 2017 01: +0,2.261,11
Apr 10 2017 01: +0,2.291,10
Apr 11 2017 01: +0,2.258,10
Apr 12 2017 01: +0,2.306,14
Apr 13 2017 01: +0,2.238,9
Apr 14 2017 01: +0,2.262,10
Apr 15 2017 01: +0,2.08,8
Apr 16 2017 01: +0,2.246,17
Apr 17 2017 01: +0,2.572,5
Apr 18 2017 01: +0,2.474,5
Apr 19 2017 01: +0,2.45,1
Apr 20 2017 01: +0,2.466,6
Apr 21 2017 01: +0,2.496,4
Apr 22 2017 01: +0,2.309,10
Apr 23 2017 01: +0,2.473,5
Apr 24 2017 01: +0,2.555,4
Apr 25 2017 01: +0,2.141,8
Apr 26 2017 01: +0,2.426,16
Apr 27 2017 01: +0,2.412,4
Apr 28 2017 01: +0,2.779,7
Apr 29 2017 01: +0,2.417,6
Apr 30 2017 01: +0,2.257,7
May 01 2017 01: +0,2.272,7
May 02 2017 01: +0,2.22,8
May 03 2017 01: +0,2.22,8
May 04 2017 01: +0,2.477,8
May 05 2017 01: +0,2.197,10
May 06 2017 01: +0,2.239,9
May 07 2017 01: +0,2.201,4
May 08 2017 01: +0,2.39,1
May 09 2017 01: +0,2.224,11
May 10 2017 01: +0,2.395,9
May 11 2017 01: +0,2.511,11
May 12 2017 01: +0,2.62,3
May 13 2017 01: +0,2.497,3
May 14 2017 01: +0,2.377,10
May 15 2017 01: +0,2.336,11
May 16 2017 01: +0,2.171,5
May 17 2017 01: +0,2.299,19
May 18 2017 01: +0,2.869,6
May 19 2017 01: +0,2.749,4
May 20 2017 01: +0,2.744,7
May 21 2017 01: +0,2.791,2
May 22 2017 01: +0,2.439,4
May 23 2017 01: +0,2.318,8
May 24 2017 01: +0,1.91,12
May 25 2017 01: +0,2.074,10
May 26 2017 01: +0,2.011,18
May 27 2017 01: +0,2.357,3
May 28 2017 01: +0,2.293,7
May 29 2017 01: +0,3.727,6
May 30 2017 01: +0,2.127,7
May 31 2017 01: +0,2.161,5
Jun 01 2017 01: +0,2.033,4
Jun 02 2017 01: +0,2.119,11
Jun 03 2017 01: +0,2.223,11
Jun 04 2017 01: +0,2.242,6
Jun 05 2017 01: +0,2.283,10
Jun 06 2017 01: +0,2.105,3
Jun 07 2017 01: +0,2.365,3
Jun 08 2017 01: +0,2.386,2
Jun 09 2017 01: +0,2.131,8
Jun 10 2017 01: +0,2.212,6
Jun 11 2017 01: +0,2.246,4
Jun 12 2017 01: +0,2.399,4
Jun 13 2017 01: +0,2.164,6
Jun 14 2017 01: +0,1.998,20
Jun 15 2017 01: +0,2.3,1
Jun 16 2017 01: +0,3.123,9
Jun 17 2017 01: +0,2.315,7
Jun 18 2017 01: +0,2.405,11
Jun 19 2017 01: +0,2.254,10
Jun 20 2017 01: +0,2.907,10
Jun 21 2017 01: +0,2.502,5
Jun 22 2017 01: +0,2.428,4
Jun 23 2017 01: +0,1.862,16
Jun 24 2017 01: +0,1.987,17
Jun 25 2017 01: +0,2.014,4
Jun 26 2017 01: +0,1.865,7
Jun 27 2017 01: +0,1.9,8
Jun 28 2017 01: +0,1.981,22
Jun 29 2017 01: +0,2.226,1
Jun 30 2017 01: +0,2.556,7
Jul 01 2017 01: +0,2.207,4
Jul 02 2017 01: +0,2.383,17
Jul 03 2017 01: +0,2.279,10
Jul 04 2017 01: +0,2.22,12
Jul 05 2017 01: +0,2.517,14
Jul 06 2017 01: +0,2.492,5
Jul 07 2017 01: +0,2.516,2
Jul 08 2017 01: +0,2.317,9
Jul 09 2017 01: +0,2.482,8
Jul 10 2017 01: +0,2.35,4
Jul 11 2017 01: +0,2.308,7
Jul 12 2017 01: +0,2.289,2
Jul 13 2017 01: +0,2.106,7
Jul 14 2017 01: +0,2.257,17
Jul 15 2017 01: +0,2.62,7
Jul 16 2017 01: +0,2.461,4
Jul 17 2017 01: +0,2.331,6
Jul 18 2017 01: +0,2.157,4
Jul 19 2017 01: +0,2.04,5
Jul 20 2017 01: +0,2.335,7
Jul 21 2017 01: +0,2.296,3
Jul 22 2017 01: +0,2.414,8
Jul 23 2017 01: +0,2.158,5
Jul 24 2017 01: +0,2.172,8
Jul 25 2017 01: +0,2.106,5
Jul 26 2017 01: +0,2.251,5
Jul 27 2017 01: +0,2.342,12
Jul 28 2017 01: +0,2.101,5
Jul 29 2017 01: +0,2.249,12
Jul 30 2017 01: +0,2.251,10
Jul 31 2017 01: +0,2.4,8
Aug 01 2017 01: +0,2.501,7
Aug 02 2017 01: +0,2.411,3
Aug 03 2017 01: +0,2.376,9
Aug 04 2017 01: +0,2.323,9
Aug 05 2017 01: +0,2.456,3
Aug 06 2017 01: +0,2.194,7
Aug 07 2017 01: +0,2.309,3
Aug 08 2017 01: +0,2.404,9
Aug 09 2017 01: +0,1.76,5
Aug 10 2017 01: +0,2.14,4
Aug 11 2017 01: +0,2.199,6
Aug 12 2017 01: +0,2.063,6
Aug 13 2017 01: +0,2.234,10
Aug 14 2017 01: +0,2.265,6
Aug 15 2017 01: +0,1.98,4
Aug 16 2017 01: +0,2.105,8
Aug 17 2017 01: +0,2.019,6
Aug 18 2017 01: +0,2.352,12
Aug 19 2017 01: +0,2.369,4
Aug 20 2017 01: +0,2.28,6
Aug 21 2017 01: +0,2.361,3
Aug 22 2017 01: +0,2.227,6
Aug 23 2017 01: +0,2.426,13
Aug 24 2017 01: +0,2.277,9
Aug 25 2017 01: +0,2.225,13
Aug 26 2017 01: +0,2.241,6
Aug 27 2017 01: +0,2.254,3
Aug 28 2017 01: +0,2.334,5
Aug 29 2017 01: +0,1.877,3
Aug 30 2017 01: +0,2.119,9
Aug 31 2017 01: +0,2.313,7
Sep 01 2017 01: +0,2.205,7
Sep 02 2017 01: +0,2.292,4
Sep 03 2017 01: +0,2.312,9
Sep 04 2017 01: +0,2.397,8
Sep 05 2017 01: +0,2.297,8
Sep 06 2017 01: +0,2.333,8
Sep 07 2017 01: +0,2.328,4
Sep 08 2017 01: +0,2.481,14
Sep 09 2017 01: +0,2.46,4
Sep 10 2017 01: +0,2.717,4
Sep 11 2017 01: +0,2.383,16
Sep 12 2017 01: +0,2.897,11
Sep 13 2017 01: +0,2.025,2
Sep 14 2017 01: +0,2.296,9
Sep 15 2017 01: +0,2.158,6
Sep 16 2017 01: +0,2.031,23
Sep 17 2017 01: +0,2.105,2
Sep 18 2017 01: +0,2.247,12
Sep 19 2017 01: +0,2.68,2
Sep 20 2017 01: +0,2.103,6
Sep 21 2017 01: +0,2.155,4
Sep 22 2017 01: +0,2.3,6
Sep 23 2017 01: +0,2.456,4
Sep 24 2017 01: +0,2.421,6
Sep 25 2017 01: +0,2.192,11
Sep 26 2017 01: +0,2.102,4
Sep 27 2017 01: +0,2.294,14
Sep 28 2017 01: +0,2.205,4
Sep 29 2017 01: +0,2.093,5
Sep 30 2017 01: +0,2.241,3
Oct 01 2017 01: +0,2.381,17
Oct 02 2017 01: +0,2.586,3
Oct 03 2017 01: +0,2.293,5
Oct 04 2017 01: +0,2.22,4
Oct 05 2017 01: +0,2.161,5
Oct 06 2017 01: +0,2.084,7
Oct 07 2017 01: +0,2.233,7
Oct 08 2017 01: +0,2.238,5
Oct 09 2017 01: +0,2.311,9
Oct 10 2017 01: +0,2.229,6
Oct 11 2017 01: +0,1.916,4
Oct 12 2017 01: +0,2.276,3
Oct 13 2017 01: +0,1.967,5
Oct 14 2017 01: +0,1.997,7
Oct 15 2017 01: +0,1.998,9
Oct 16 2017 01: +0,2.096,5
Oct 17 2017 01: +0,2.11,7
Oct 18 2017 01: +0,2.099,6
Oct 19 2017 01: +0,1.926,4
Oct 20 2017 01: +0,1.91,8
Oct 21 2017 01: +0,1.959,12
Oct 22 2017 01: +0,1.951,7
Oct 23 2017 01: +0,2.198,13
Oct 24 2017 01: +0,2.203,4
Oct 25 2017 01: +0,2.266,10
Oct 26 2017 01: +0,2.423,6
Oct 27 2017 01: +0,2.184,8
Oct 28 2017 01: +0,2.293,8
Oct 29 2017 01: +0,2.208,5
Oct 30 2017 01: +0,2.345,3
Oct 31 2017 01: +0,2.222,9
Nov 01 2017 01: +0,2.35,7
Nov 02 2017 01: +0,2.12,2
Nov 03 2017 01: +0,2.439,5
Nov 04 2017 01: +0,2.557,13
Nov 05 2017 01: +0,2.34,3
Nov 06 2017 01: +0,2.632,5
Nov 08 2017 01: +0,2.813,2
Nov 09 2017 01: +0,2.357,2
Nov 10 2017 01: +0,2.172,4
Nov 11 2017 01: +0,2.211,4
Nov 12 2017 01: +0,2.259,8
Nov 13 2017 01: +0,3.534,6
Nov 14 2017 01: +0,2.282,4
Nov 15 2017 01: +0,1.991,2
Nov 16 2017 01: +0,2.156,11
Nov 17 2017 01: +0,2.378,8
Nov 18 2017 01: +0,2.555,6
Nov 19 2017 01: +0,2.266,4
Nov 20 2017 01: +0,2.529,3
Nov 21 2017 01: +0,2.481,13
Nov 22 2017 01: +0,2.569,4
Nov 23 2017 01: +0,2.237,8
Nov 24 2017 01: +0,2.064,9
Nov 25 2017 01: +0,2.193,3
Nov 26 2017 01: +0,2.042,7
Nov 27 2017 01: +0,2.023,5
Nov 28 2017 01: +0,1.931,6
Nov 29 2017 01: +0,1.945,5
Nov 30 2017 01: +0,1.879,4
Dec 01 2017 01: +0,1.964,10
Dec 02 2017 01: +0,2.292,3
Dec 03 2017 01: +0,2.273,5
Dec 04 2017 01: +0,2.442,3
Dec 05 2017 01: +0,2.571,2
Dec 06 2017 01: +0,2.765,3
Dec 07 2017 01: +0,2.621,3
Dec 08 2017 01: +0,2.669,1
Dec 09 2017 01: +0,2.524,5
Dec 10 2017 01: +0,2.74,4
Dec 11 2017 01: +0,2.266,3
Dec 12 2017 01: +0,2.508,1
Dec 13 2017 01: +0,2.282,2
Dec 14 2017 01: +0,2.35,2
Dec 15 2017 01: +0,2.452,1
Dec 16 2017 01: +0,2.195,14
Dec 17 2017 01: +0,2.022,5
Dec 18 2017 01: +0,2.294,3
Dec 19 2017 01: +0,2.242,12
Dec 20 2017 01: +0,1.956,5
Dec 21 2017 01: +0,2.257,5
Dec 22 2017 01: +0,2.045,4
Dec 23 2017 01: +0,2.302,9
Dec 24 2017 01: +0,2.042,13
Dec 25 2017 01: +0,2.136,11
Dec 26 2017 01: +0,2.269,3
Dec 27 2017 01: +0,2.444,6
Dec 28 2017 01: +0,2.003,4
Dec 29 2017 01: +0,2.167,14
Dec 30 2017 01: +0,2.32,14
Dec 31 2017 01: +0,2.185,6
Jan 01 2018 01: +0,2.442,4
Jan 02 2018 01: +0,1.993,6
Jan 03 2018 01: +0,2.09,12
Jan 04 2018 01: +0,2.157,7
Jan 05 2018 01: +0,2.236,10
Jan 06 2018 01: +0,2.371,6
Jan 07 2018 01: +0,2.341,6
Jan 08 2018 01: +0,2.405,9
Jan 09 2018 01: +0,2.546,2
Jan 10 2018 01: +0,2.504,7
Jan 11 2018 01: +0,2.674,6
Jan 12 2018 01: +0,2.32,2
Jan 13 2018 01: +0,2.573,5
Jan 14 2018 01: +0,2.673,18
Jan 15 2018 01: +0,2.629,9
Jan 16 2018 01: +0,2.442,5
Jan 17 2018 01: +0,2.379,4
Jan 18 2018 01: +0,2.469,16
Jan 19 2018 01: +0,2.505,5
Jan 20 2018 01: +0,2.845,13
Jan 21 2018 01: +0,2.714,5
Jan 22 2018 01: +0,2.327,4
Jan 23 2018 01: +0,2.314,7
Jan 24 2018 01: +0,2.426,10
Jan 25 2018 01: +0,2.702,10
Jan 26 2018 01: +0,2.729,4
Jan 27 2018 01: +0,2.656,6
Jan 28 2018 01: +0,2.647,2
Jan 29 2018 01: +0,2.671,3
Jan 30 2018 01: +0,2.31,6
Jan 31 2018 01: +0,2.29,5
Feb 01 2018 01: +0,2.571,12
Feb 02 2018 01: +0,2.252,2
Feb 03 2018 01: +0,2.624,12
Feb 04 2018 01: +0,2.799,25
Feb 05 2018 01: +0,2.405,3
Feb 06 2018 01: +0,2.885,12
Feb 07 2018 01: +0,2.811,16
Feb 08 2018 01: +0,2.615,4
Feb 09 2018 01: +0,3.094,7
Feb 10 2018 01: +0,2.902,8
Feb 11 2018 01: +0,2.708,8
Feb 12 2018 01: +0,2.96,11
Feb 13 2018 01: +0,2.918,3
Feb 14 2018 01: +0,2.872,1
Feb 15 2018 01: +0,2.742,4
Feb 16 2018 01: +0,2.967,14
Feb 17 2018 01: +0,2.622,4
Feb 18 2018 01: +0,2.715,7
Feb 19 2018 01: +0,2.627,7
Feb 20 2018 01: +0,2.833,2
Feb 21 2018 01: +0,2.563,4
Feb 22 2018 01: +0,2.636,3
Feb 23 2018 01: +0,2.617,1
Feb 24 2018 01: +0,2.51,10
Feb 25 2018 01: +0,2.521,15
Feb 26 2018 01: +0,2.08,4
Feb 27 2018 01: +0,2.172,2
Feb 28 2018 01: +0,2.257,6
Feb 28 2018 21: +0,2.303,2
Feb 28 2018 23: +0,2.345,1
Mar 01 2018 03: +0,1.72,1
Mar 01 2018 04: +0,2.216,1
Mar 01 2018 12: +0,2.048,1
Mar 01 2018 14: +0,2.051,1
Mar 01 2018 15: +0,2.296,1
Mar 01 2018 18: +0,2.3,1
Mar 01 2018 22: +0,2.275,1
Mar 02 2018 10: +0,1.85,1
Mar 02 2018 13: +0,2.111,2
Mar 02 2018 15: +0,2.348,1
Mar 03 2018 13: +0,2.325,10
Mar 03 2018 18: +0,2.559,3
Mar 04 2018 02: +0,2.24,2
Mar 04 2018 15: +0,2.535,2
Mar 04 2018 20: +0,2.498,1
Mar 04 2018 21: +0,2.559,1
Mar 05 2018 15: +0,2.609,1
Mar 05 2018 19: +0,2.436,1
Mar 05 2018 20: +0,2.615,3
Mar 05 2018 22: +0,1.98,1
Mar 06 2018 05: +0,2.67,1
Mar 06 2018 11: +0,1.99,1
Mar 07 2018 01: +0,2.525,1
Mar 07 2018 08: +0,100.788,1
Mar 07 2018 15: +0,2.554,1
Mar 07 2018 22: +0,2.53,1
Mar 08 2018 02: +0,2.64,5
Mar 08 2018 06: +0,3.03,1
Mar 08 2018 11: +0,2.791,1
Mar 08 2018 13: +0,2.806,1
Mar 08 2018 16: +0,2.877,1
Mar 08 2018 18: +0,2.964,1
Mar 09 2018 13: +0,2.35,1
Mar 09 2018 23: +0,2.61,1
Mar 10 2018 02: +0,2.65,1
Mar 10 2018 13: +0,2.3,1
Mar 10 2018 17: +0,2.545,1
Mar 10 2018 20: +0,2.532,2
Mar 10 2018 23: +0,2.777,1
Mar 11 2018 01: +0,2.518,1
Mar 11 2018 02: +0,2.517,1
Mar 11 2018 04: +0,2.8,1
Mar 11 2018 10: +0,2.12,1
Mar 11 2018 12: +0,3.012,1
Mar 12 2018 07: +0,2.12,1
Mar 12 2018 08: +0,2.962,1
Mar 12 2018 11: +0,2.23,1
Mar 12 2018 22: +0,3.846,2
Mar 13 2018 09: +0,2.42,1
Mar 13 2018 17: +0,2.44,1
Mar 13 2018 20: +0,2.35,1
Mar 14 2018 07: +0,2.22,1
Mar 14 2018 12: +0,2.796,1
Mar 14 2018 14: +0,2.2,1
Mar 14 2018 20: +0,2.13,1
Mar 14 2018 22: +0,2.224,1
Mar 15 2018 01: +0,2.224,1
Mar 15 2018 13: +0,2.14,1
Mar 15 2018 14: +0,2.298,1
Mar 15 2018 18: +0,2.125,2
Mar 15 2018 20: +0,1.74,2
Mar 16 2018 00: +0,2.466,1
Mar 16 2018 16: +0,2.438,1
Mar 16 2018 22: +0,2.113,1
Mar 17 2018 10: +0,2.088,1
Mar 17 2018 11: +0,2.114,1
Mar 17 2018 12: +0,2.26,4
Mar 17 2018 17: +0,1.96,1
Mar 17 2018 18: +0,2.114,1
Mar 18 2018 08: +0,1.9,1
Mar 18 2018 15: +0,2.076,1
Mar 18 2018 19: +0,2.131,2
Mar 18 2018 22: +0,2.076,1
Mar 19 2018 11: +0,2.04,1
Mar 19 2018 14: +0,2.38,1
Mar 20 2018 02: +0,2.368,4
Mar 20 2018 09: +0,1.845,1
Mar 20 2018 19: +0,2.22,2
Mar 20 2018 20: +0,2.153,1
Mar 20 2018 21: +0,2.02,1
Mar 20 2018 23: +0,2.277,1
Mar 21 2018 14: +0,2.272,2
Mar 22 2018 03: +0,2.022,2
Mar 22 2018 05: +0,2.26,1
Mar 22 2018 07: +0,2.26,3
Mar 22 2018 08: +0,2.33,7
Mar 22 2018 10: +0,2.404,1
Mar 22 2018 11: +0,2.873,1
Mar 22 2018 13: +0,2.469,1
Mar 22 2018 16: +0,2.473,1
Mar 22 2018 18: +0,2.46,3
Mar 22 2018 19: +0,2.48,3
Mar 22 2018 20: +0,2.541,1
Mar 23 2018 07: +0,2.68,4
Mar 23 2018 09: +0,2.845,2
Mar 23 2018 12: +0,3.065,1
Mar 23 2018 14: +0,2.3,1
Mar 23 2018 15: +0,2.49,1
Mar 23 2018 17: +0,2.561,2
Mar 23 2018 19: +0,2.61,1
Mar 24 2018 01: +0,3.059,17
Mar 24 2018 07: +0,2.437,1
Mar 24 2018 08: +0,2.622,1
Mar 24 2018 19: +0,2.48,1
Mar 24 2018 21: +0,2.41,1
Mar 25 2018 05: +0,2.2,1
Mar 25 2018 14: +0,2.72,1
Mar 25 2018 15: +0,2.7,3
Mar 25 2018 17: +0,1.887,1
Mar 25 2018 19: +0,2.7,1
Mar 26 2018 17: +0,2.355,1
Mar 26 2018 20: +0,2.26,1
Mar 27 2018 03: +0,2.234,1
Mar 28 2018 01: +0,2.091,2
Mar 28 2018 07: +0,2.301,1
Mar 28 2018 11: +0,2.561,1
Mar 28 2018 12: +0,2.697,1
Mar 28 2018 16: +0,2.29,1
Mar 28 2018 19: +0,2.3,1
Mar 29 2018 07: +0,2.001,1
Mar 29 2018 11: +0,2.089,1
Mar 30 2018 03: +0,2.18,1
Mar 30 2018 11: +0,2.164,1
Mar 30 2018 13: +0,2.168,1
Mar 30 2018 15: +0,2.086,1
